25
0 3 3 9 0 2 6 0 0 0 2 9 2 5 0 2 4 0 5 0 0 10 0 0 0 
3 0 0 0 3 0 0 0 9 0 0 3 7 0 6 4 0 2 0 0 6 6 0 9 8 
3 0 0 2 7 2 8 2 5 3 0 7 9 8 8 0 0 0 0 0 10 10 0 0 4 
9 0 2 0 0 0 0 0 0 0 9 8 0 4 2 10 2 8 6 10 8 0 2 0 3 
0 3 7 0 0 0 0 0 0 0 6 8 9 6 2 3 0 7 5 3 5 7 0 0 2 
2 0 2 0 0 0 4 0 0 7 0 6 0 0 7 0 0 0 0 0 3 0 0 5 0 
6 0 8 0 0 4 0 3 5 10 0 0 0 10 0 5 0 10 0 9 0 2 3 3 9 
0 0 2 0 0 0 3 0 5 8 9 0 0 4 0 0 0 10 0 0 8 0 0 9 10 
0 9 5 0 0 0 5 5 0 0 6 6 0 4 0 5 10 2 9 8 5 3 2 0 0 
0 0 3 0 0 7 10 8 0 0 0 8 5 0 4 2 0 0 0 0 0 0 5 0 7 
2 0 0 9 6 0 0 9 6 0 0 0 7 0 0 0 0 0 0 0 0 0 0 0 0 
9 3 7 8 8 6 0 0 6 8 0 0 0 5 10 10 0 7 8 0 10 6 0 3 3 
2 7 9 0 9 0 0 0 0 5 7 0 0 2 0 3 0 10 0 0 4 5 0 9 10 
5 0 8 4 6 0 10 4 4 0 0 5 2 0 6 0 0 0 3 0 0 8 0 5 0 
0 6 8 2 2 7 0 0 0 4 0 10 0 6 0 8 0 2 5 10 9 10 0 4 0 
2 4 0 10 3 0 5 0 5 2 0 10 3 0 8 0 0 4 3 4 4 0 6 5 0 
4 0 0 2 0 0 0 0 10 0 0 0 0 0 0 0 0 9 0 0 0 7 0 6 9 
0 2 0 8 7 0 10 10 2 0 0 7 10 0 2 4 9 0 9 0 7 5 5 7 7 
5 0 0 6 5 0 0 0 9 0 0 8 0 3 5 3 0 9 0 0 0 0 0 10 4 
0 0 0 10 3 0 9 0 8 0 0 0 0 0 10 4 0 0 0 0 0 5 0 3 0 
0 6 10 8 5 3 0 8 5 0 0 10 4 0 9 4 0 7 0 0 0 0 0 10 5 
10 6 10 0 7 0 2 0 3 0 0 6 5 8 10 0 7 5 0 5 0 0 0 9 9 
0 0 0 2 0 0 3 0 2 5 0 0 0 0 0 6 0 5 0 0 0 0 0 0 0 
0 9 0 0 0 5 3 9 0 0 0 3 9 5 4 5 6 7 10 3 10 9 0 0 0 
0 8 4 3 2 0 9 10 0 7 0 3 10 0 0 0 9 7 4 0 5 9 0 0 0 
